51 48 50 50 53 55 48 48 48 57 51 54 54 55 52 56 49 54 56 55 54 53 56 55 51 54 49 53 54 54 
54 55 55 57 49 51 50 54 50 52 52 51 52 56 50 53 49 50 48 56 49 49 48 52 55 50 50 48 53 52 
48 48 50 56 52 56 50 56 53 48 52 55 54 50 55 52 54 53 57 55 49 57 48 54 48 49 56 53 57 52 
50 52 50 54 51 50 54 55 56 50 54 57 53 49 51 52 50 51 53 51 50 48 54 57 53 54 52 57 48 57 
51 50 51 54 55 51 53 51 51 55 48 49 56 53 49 57 53 55 52 49 57 56 50 53 55 48 50 56 52 54 
48 57 48 48 57 48 48 55 57 56 54 54 54 48 50 51 48 50 56 55 56 55 54 53 55 54 48 57 49 48 
53 48 49 51 49 54 57 49 49 52 49 56 53 50 54 49 51 52 50 56 52 57 53 57 52 54 53 54 57 51 
52 57 50 55 57 49 56 54 52 48 49 55 51 57 57 52 53 49 50 51 50 53 55 54 57 51 52 54 49 54 
52 51 55 57 50 49 56 57 51 50 48 56 50 57 54 54 50 50 48 53 50 57 57 56 48 55 50 55 54 48 
50 53 50 57 54 55 54 51 54 55 56 52 54 57 48 49 51 55 49 48 57 48 56 51 48 52 54 53 57 51 
55 53 51 53 50 51 48 52 50 50 50 50 57 56 57 50 53 52 57 51 50 52 54 53 48 56 48 48 48 57 
55 57 55 52 48 52 51 53 49 50 57 57 56 48 48 53 54 53 56 55 52 50 49 52 50 52 50 49 57 57 
56 56 54 53 54 48 56 51 55 52 49 51 52 49 52 51 49 56 49 54 49 56 57 55 52 49 54 51 57 56 
54 49 56 49 51 50 55 48 50 50 53 51 50 51 49 57 49 51 50 50 55 56 49 56 54 50 53 53 52 51 
55 55 50 57 51 57 57 50 51 52 51 51 52 49 52 50 49 53 50 55 53 55 54 49 53 50 56 56 52 50 
49 55 56 51 57 49 56 56 56 52 49 51 57 49 54 56 54 49 55 52 49 55 55 57 50 56 57 52 52 53 
48 52 50 48 57 56 54 57 52 56 56 53 53 56 50 50 51 49 51 52 51 50 54 54 52 50 57 54 56 56 
57 51 56 54 51 48 48 57 50 49 55 48 51 57 52 55 56 52 57 57 53 57 56 49 53 50 52 56 56 57 
52 48 49 48 53 54 48 55 49 53 53 48 53 48 52 51 53 49 56 55 54 55 56 55 50 49 54 56 49 54 
49 52 52 48 57 51 56 56 48 55 49 52 51 50 50 52 48 50 53 52 57 51 56 50 56 49 56 50 50 57 
